1 2398
2 2114
3 2312
4 1770
5 3204
6 3881
7 2181
8 3757
9 1077
10 3304
11 5251
12 17
13 5943
14 196
15 84161
16 3675
17 1774
18 20926
19 7147
20 6168
21 1261
22 6644
23 330
24 2839
25 976
26 800
27 206
28 4234
29 3906
30 5293
31 1237
32 934
33 731
34 2370
35 2875
36 2776
37 10975
38 236
39 3391
40 187
41 372
42 7525
43 2357
44 2289
45 4286
46 5493
47 4395
48 3975
49 1028
50 1769
51 19222
52 3800
53 3194
54 3402
55 1306
56 4925
57 7134
58 755
59 2081
60 2677
61 5152
62 2812
63 2066
64 1069
65 1869
66 1597
67 1055
68 2548
69 727
70 4248
71 13198
72 8166
73 6896
74 838
75 4484
76 4654
77 3449
78 2144
79 1869
80 3383
81 4055
82 480
83 3644
84 2576
85 1658
86 1255
87 3502
88 3159
89 5438
90 78
91 2614
92 3895
93 9372
94 4252
95 3860
96 321
97 2965
98 1382
99 4287
100 14658
101 1082
102 7987
103 4305
104 3045
105 282
106 600
107 2667
108 3703
109 3772
110 98
111 624
112 74903
113 3503
114 1074
115 2029
116 5501
117 538
118 4117
119 641
120 2258
121 32081
122 782
123 236
124 5366
125 5038
126 7141
127 1997
128 3457
129 2609
130 1930
131 1481
132 1441
133 4149
134 5270
135 254
136 3348
137 5348
138 1748
139 7
140 702
141 7915
142 1465
143 1036
144 2656
145 5702
146 535
147 4382
148 2087
149 6327
150 345
151 658
152 3365
153 5176
154 1951
155 7552
156 1610
157 10413
158 1962
159 5284
160 2145
161 19155
162 864
163 1822
164 3568
165 3281
166 2589
167 4894
168 1091
169 3334
170 1420
171 6393
172 5594
173 3747
174 3551
175 1792
176 1243
177 1762
178 5188
179 3872
180 1861
181 3787
182 3710
183 3966
184 2590
185 4405
186 734
187 1666
188 480
189 2170
190 2774
191 4011
192 2427
193 2364
194 2627
195 2202
196 5169
197 9586
198 2771
199 82
200 1200
201 707
202 4994
203 5980
204 1620
205 4266
206 2234
207 4260
208 2874
209 96
210 1974
211 10440
212 1821
213 5082
214 5984
215 4627
216 25
217 6850
218 6502
219 1917
220 1615
221 6796
222 4126
223 4570
224 6638
225 2445
226 3994
227 4393
228 3221
229 7341
230 1585
231 2892
232 11958
233 1907
234 797
235 4827
236 11430
237 4300
238 32699
239 6966
240 2450
241 496
242 2742
243 3685
244 4414
245 134
246 1460
247 457
248 1208
249 5614
250 1556
251 70811
252 1042
253 3851
254 1569
255 1983
256 3667
257 3984
258 63804
259 79
260 1229
261 2524
262 4776
263 5201
264 5155
265 82
266 3601
267 4225
268 1639
269 4611
270 693
271 4687
272 7959
273 2918
274 565
275 328
276 4300
277 4231
278 2677
279 7792
280 548
281 4269
282 6924
283 3391
284 2523
285 5946
286 2269
287 182
288 4762
289 1266
290 2543
291 3696
292 4276
293 5369
294 1934
295 6210
296 4555
297 32
298 3871
299 11882
300 1249
301 5840
302 2712
303 4801
304 5047
305 161
306 2985
307 1868
308 1768
309 1756
310 353
311 9977
312 496
313 4723
314 759
315 252
316 297
317 476
318 2331
319 1549
320 1370
321 180
322 3079
323 6356
324 4132
325 11473
326 4184
327 2381
328 6776
329 5875
330 1948
331 7018
332 2832
333 1608
334 4140
335 4841
336 7913
337 4217
338 2508
339 2699
340 1596
341 3585
342 1407
343 4148
344 1660
345 3336
346 4528
347 4471
348 1954
349 4413
350 2364
351 6057
352 1005
353 1123
354 4263
355 6415
356 2541
357 1287
358 5230
359 2547
360 2703
361 5868
362 2456
363 7639
364 3073
365 5265
366 81
367 1150
368 1261
369 1432
370 2512
371 684
372 2666
373 1656
374 944
375 5086
376 4241
377 2909
378 24911
379 2315
380 6295
381 2819
382 2925
383 1996
384 3670
385 1647
386 616
387 4460
388 1841
389 9138
390 2354
391 949
392 1332
393 45
394 1025
395 15351
396 1139
397 148
398 2004
399 13282
400 1519
401 387
402 1975
403 2396
404 489
405 4350
406 825
407 10577
408 7961
409 2278
410 3548
411 4750
412 209
413 3537
414 1308
415 4108
416 1091
417 5155
418 4572
419 2131
420 2560
421 2206
422 3479
423 1549
424 3042
425 10084
426 2024
427 826
428 3719
429 3457
430 2188
431 724
432 3506
433 2624
434 1332
435 2665
436 5741
437 917
438 968
439 6938
440 3886
441 2521
442 1663
443 80
444 4048
445 319
446 3039
447 1051
448 8423
449 2713
450 3735
451 6076
452 1578
453 1953
454 497
455 8034
456 157
457 3004
458 2112
459 4248
460 715
461 5413
462 6401
463 996
464 5818
465 345
466 4677
467 3659
468 441
469 1059
470 4847
471 2226
472 5645
473 334
474 2588
475 2930
476 9649
477 339
478 4787
479 3767
480 2792
481 4966
482 1480
483 282
484 4959
485 7919
486 3888
487 7183
488 3442
489 5505
490 2346
491 2218
492 2372
493 3841
494 1432
495 3487
496 3147
497 2586
498 3976
499 5440
500 1779
